0.11525
0.08117
0.062837
0.050406
0.041406
0.034607
0.029317
0.025109
0.021702
0.018904
0.016578
0.014625
0.012971
0.01156
0.010348
0.0093008
0.0083923
0.0076004
0.0069075
0.006299
0.0057631
0.0052898
0.0048706
0.0044985
0.0041674
0.0038723
0.0036087
0.0033728
0.0031614
0.0029716
0.002801
0.0026473
0.0025088
0.0023837
0.0022707
0.0021684
0.0020757
0.0019915
0.0019152
0.0018457
0.0017826
0.001725
0.0016725
0.0016246
0.0015809
0.0015409
0.0015043
0.0014708
0.0014401
0.0014119
0.0013861
0.0013623
0.0013405
0.0013204
0.0013019
0.0012849
0.0012691
0.0012546
0.0012412
0.0012289
0.0012174
0.0012068
0.001197
0.001188
0.0011795
0.0011717
0.0011645
0.0011577
0.0011515
0.0011456
0.0011402
0.0011352
0.0011304
0.001126
0.0011219
0.0011181
0.0011145
0.0011111
0.001108
0.0011051
0.0011023
0.0010997
0.0010972
0.0010949
0.0010928
0.0010908
0.0010888
0.001087
0.0010853
0.0010837
0.0010822
0.0010807
0.0010793
0.001078
0.0010768
0.0010756
0.0010745
0.0010734
0.0010724
0.0010714
0.0010704
0.0010695
0.0010687
0.0010679
0.0010671
0.0010663
0.0010656
0.0010649
0.0010642
0.0010635
0.0010629
0.0010623
0.0010617
0.0010611
0.0010606
0.00106
0.0010595
0.001059
0.0010585
0.001058
0.0010575
0.0010571
0.0010566
0.0010562
0.0010558
0.0010554
0.001055
0.0010546
0.0010542
0.0010538
0.0010534
0.0010531
0.0010527
0.0010523
0.001052
0.0010517
0.0010513
0.001051
0.0010507
0.0010503
0.00105
0.0010497
0.0010494
0.0010491
0.0010488
0.0010485
0.0010483
0.001048
0.0010477
0.0010474
0.0010472
0.0010469
0.0010466
0.0010464
0.0010461
0.0010459
0.0010456
0.0010454
0.0010451
0.0010449
0.0010447
0.0010444
0.0010442
0.001044
0.0010438
0.0010435
0.0010433
0.0010431
0.0010429
0.0010427
0.0010425
0.0010423
0.0010421
0.0010419
0.0010417
0.0010415
0.0010413
0.0010411
0.0010409
0.0010407
0.0010405
0.0010403
0.0010402
0.00104
0.0010398
0.0010396
0.0010395
0.0010393
0.0010391
0.001039
0.0010388
0.0010386
0.0010385
0.0010383
0.0010382
0.001038
0.0010379
0.0010377
0.0010376
0.0010374
0.0010373
0.0010371
0.001037
0.0010369
0.0010367
0.0010366
0.0010365
0.0010363
0.0010362
0.0010361
0.001036
0.0010358
0.0010357
0.0010356
0.0010355
0.0010354
0.0010352
0.0010351
0.001035
0.0010349
0.0010348
0.0010347
0.0010346
0.0010345
0.0010344
0.0010343
0.0010342
0.0010341
0.001034
0.0010339
0.0010338
0.0010337
0.0010336
0.0010335
0.0010334
0.0010333
0.0010332
0.0010331
0.001033
0.001033
0.0010329
0.0010328
0.0010327
0.0010326
0.0010325
0.0010325
0.0010324
0.0010323
0.0010322
0.0010322
0.0010321
0.001032
0.0010319
0.0010319
0.0010318
0.0010317
0.0010317
0.0010316
0.0010315
0.0010314
0.0010314
0.0010313
0.0010312
0.0010312
0.0010311
0.0010311
0.001031
0.0010309
0.0010309
0.0010308
0.0010308
0.0010307
0.0010306
0.0010306
0.0010305
0.0010305
0.0010304
0.0010304
0.0010303
0.0010302
0.0010302
0.0010301
0.0010301
0.00103
0.00103
0.0010299
0.0010299
0.0010298
0.0010298
0.0010297
0.0010297
0.0010296
0.0010296
0.0010295
0.0010295
0.0010294
0.0010294
0.0010293
0.0010293
0.0010292
0.0010292
0.0010291
0.0010291
0.0010291
0.001029
0.001029
0.0010289
0.0010289
0.0010288
0.0010288
0.0010287
0.0010287
0.0010287
0.0010286
0.0010286
0.0010285
0.0010285
0.0010284
0.0010284
0.0010284
0.0010283
0.0010283
0.0010282
0.0010282
0.0010282
0.0010281
0.0010281
0.001028
0.001028
0.001028
0.0010279
0.0010279
0.0010278
0.0010278
0.0010278
0.0010277
0.0010277
0.0010277
0.0010276
0.0010276
0.0010275
0.0010275
0.0010275
0.0010274
0.0010274
0.0010274
0.0010273
0.0010273
0.0010273
0.0010272
0.0010272
0.0010272
0.0010271
0.0010271
0.0010271
0.001027
0.001027
0.001027
0.0010269
0.0010269
0.0010269
0.0010268
0.0010268
0.0010268
0.0010267
0.0010267
0.0010267
0.0010266
0.0010266
0.0010266
0.0010265
0.0010265
0.0010265
0.0010264
0.0010264
0.0010264
0.0010263
0.0010263
0.0010263
0.0010263
0.0010262
0.0010262
0.0010262
0.0010261
0.0010261
0.0010261
0.0010261
0.001026
0.001026
0.001026
0.0010259
0.0010259
0.0010259
0.0010259
0.0010258
0.0010258
0.0010258
0.0010257
0.0010257
0.0010257
0.0010257
0.0010256
0.0010256
0.0010256
0.0010256
0.0010255
0.0010255
0.0010255
0.0010255
0.0010254
0.0010254
0.0010254
0.0010254
0.0010253
0.0010253
0.0010253
0.0010253
0.0010252
0.0010252
0.0010252
0.0010252
0.0010251
0.0010251
0.0010251
0.0010251
0.0010251
0.001025
0.001025
0.001025
0.001025
0.0010249
0.0010249
0.0010249
0.0010249
0.0010249
0.0010248
0.0010248
0.0010248
0.0010248
0.0010248
0.0010247
0.0010247
0.0010247
0.0010247
0.0010247
0.0010246
0.0010246
0.0010246
0.0010246
0.0010246
0.0010245
0.0010245
0.0010245
0.0010245
0.0010245
0.0010244
0.0010244
0.0010244
0.0010244
0.0010244
0.0010243
0.0010243
0.0010243
0.0010243
0.0010243
0.0010243
0.0010242
0.0010242
0.0010242
0.0010242
0.0010242
0.0010242
0.0010241
0.0010241
0.0010241
0.0010241
0.0010241
0.0010241
0.001024
0.001024
0.001024
0.001024
0.001024
0.001024
0.001024
0.0010239
0.0010239
0.0010239
0.0010239
0.0010239
0.0010239
0.0010238
0.0010238
0.0010238
0.0010238
0.0010238
0.0010238
0.0010238
0.0010237
0.0010237
0.0010237
0.0010237
0.0010237
0.0010237
0.0010237
0.0010237
0.0010236
0.0010236
0.0010236
0.0010236
0.0010236
0.0010236
0.0010236
0.0010236
0.0010235
0.0010235
0.0010235
0.0010235
0.0010235
0.0010235
0.0010235
0.0010235
0.0010234
0.0010234
0.0010234
0.0010234
0.0010234
0.0010234
0.0010234
0.0010234
0.0010234
0.0010233
0.0010233
0.0010233
0.0010233
0.0010233
0.0010233
0.0010233
0.0010233
0.0010233
0.0010232
0.0010232
0.0010232
0.0010232
0.0010232
0.0010232
0.0010232
0.0010232
0.0010232
0.0010232
0.0010231
0.0010231
0.0010231
0.0010231
0.0010231
0.0010231
0.0010231
0.0010231
0.0010231
0.0010231
0.001023
0.001023
0.001023
0.001023
0.001023
0.001023
0.001023
0.001023
0.001023
0.001023
0.001023
0.001023
0.0010229
0.0010229
0.0010229
0.0010229
0.0010229
0.0010229
0.0010229
0.0010229
0.0010229
0.0010229
0.0010229
0.0010229
0.0010228
0.0010228
0.0010228
0.0010228
0.0010228
0.0010228
0.0010228
0.0010228
0.0010228
0.0010228
0.0010228
0.0010228
0.0010228
0.0010228
0.0010227
0.0010227
0.0010227
0.0010227
0.0010227
0.0010227
0.0010227
0.0010227
0.0010227
0.0010227
0.0010227
0.0010227
0.0010227
0.0010227
0.0010226
0.0010226
0.0010226
0.0010226
0.0010226
0.0010226
0.0010226
0.0010226
0.0010226
0.0010226
0.0010226
0.0010226
0.0010226
0.0010226
0.0010226
0.0010226
0.0010226
0.0010225
0.0010225
0.0010225
0.0010225
0.0010225
0.0010225
0.0010225
0.0010225
0.0010225
0.0010225
0.0010225
0.0010225
0.0010225
0.0010225
0.0010225
0.0010225
0.0010225
0.0010225
0.0010224
0.0010224
0.0010224
0.0010224
0.0010224
0.0010224
0.0010224
0.0010224
0.0010224
0.0010224
0.0010224
0.0010224
0.0010224
0.0010224
0.0010224
0.0010224
0.0010224
0.0010224
0.0010224
0.0010224
0.0010224
0.0010223
0.0010223
0.0010223
0.0010223
0.0010223
0.0010223
0.0010223
0.0010223
0.0010223
0.0010223
0.0010223
0.0010223
0.0010223
0.0010223
0.0010223
0.0010223
0.0010223
0.0010223
0.0010223
0.0010223
0.0010223
0.0010223
0.0010223
0.0010223
0.0010223
0.0010222
0.0010222
0.0010222
0.0010222
0.0010222
0.0010222
0.0010222
0.0010222
0.0010222
0.0010222
0.0010222
0.0010222
0.0010222
0.0010222
0.0010222
0.0010222
0.0010222
0.0010222
0.0010222
0.0010222
0.0010222
0.0010222
0.0010222
0.0010222
0.0010222
0.0010222
0.0010222
0.0010222
0.0010222
0.0010221
0.0010221
0.0010221
0.0010221
0.0010221
0.0010221
0.0010221
0.0010221
0.0010221
0.0010221
0.0010221
0.0010221
0.0010221
0.0010221
0.0010221
0.0010221
0.0010221
0.0010221
0.0010221
0.0010221
0.0010221
0.0010221
0.0010221
0.0010221
0.0010221
0.0010221
0.0010221
0.0010221
0.0010221
0.0010221
0.0010221
0.0010221
0.0010221
0.0010221
0.0010221
0.0010221
0.0010221
0.001022
0.001022
0.001022
0.001022
0.001022
0.001022
0.001022
0.001022
0.001022
0.001022
0.001022
0.001022
0.001022
0.001022
0.001022
0.001022
0.001022
0.001022
0.001022
0.001022
0.001022
0.001022
0.001022
0.001022
0.001022
0.001022
0.001022
0.001022
0.001022
0.001022
0.001022
0.001022
0.001022
0.001022
0.001022
0.001022
0.001022
0.001022
0.001022
0.001022
0.001022
0.001022
0.001022
0.001022
0.001022
0.001022
0.001022
0.001022
0.001022
0.0010219
0.0010219
0.0010219
0.0010219
0.0010219
0.0010219
0.0010219
0.0010219
0.0010219
0.0010219
0.0010219
0.0010219
0.0010219
0.0010219
0.0010219
0.0010219
0.0010219
0.0010219
0.0010219
0.0010219
0.0010219
0.0010219
0.0010219
0.0010219
0.0010219
0.0010219
0.0010219
0.0010219
0.0010219
0.0010219
0.0010219
0.0010219
0.0010219
0.0010219
0.0010219
0.0010219
0.0010219
0.0010219
0.0010219
0.0010219
0.0010219
0.0010219
0.0010219
0.0010219
0.0010219
0.0010219
0.0010219
0.0010219
0.0010219
0.0010219
0.0010219
0.0010219
0.0010219
0.0010219
0.0010219
0.0010219
0.0010219
0.0010219
0.0010219
0.0010219
0.0010219
0.0010219
0.0010219
0.0010219
0.0010219
0.0010219
0.0010219
0.0010219
0.0010219
0.0010219
0.0010219
0.0010219
0.0010219
0.0010219
0.0010219
0.0010219
0.0010219
0.0010218
0.0010218
0.0010218
0.0010218
0.0010218
0.0010218
0.0010218
0.0010218
0.0010218
0.0010218
0.0010218
0.0010218
0.0010218
0.0010218
0.0010218
0.0010218
0.0010218
0.0010218
0.0010218
0.0010218
0.0010218
0.0010218
0.0010218
0.0010218
0.0010218
0.0010218
0.0010218
0.0010218
0.0010218
0.0010218
0.0010218
0.0010218
0.0010218
0.0010218
0.0010218
0.0010218
0.0010218
0.0010218
0.0010218
0.0010218
0.0010218
0.0010218
0.0010218
0.0010218
0.0010218
0.0010218
0.0010218
0.0010218
0.0010218
0.0010218
0.0010218
0.0010218
0.0010218
0.0010218
0.0010218
0.0010218
0.0010218
0.0010218
0.0010218
0.0010218
0.0010218
0.0010218
0.0010218
0.0010218
0.0010218
0.0010218
0.0010218
0.0010218
0.0010218
0.0010218
0.0010218
0.0010218
0.0010218
0.0010218
0.0010218
0.0010218
0.0010218
0.0010218
0.0010218
0.0010218
0.0010218
0.0010218
0.0010218
0.0010218
0.0010218
0.0010218
0.0010218
0.0010218
0.0010218
0.0010218
0.0010218
0.0010218
0.0010218
0.0010218
0.0010218
0.0010218
0.0010218
0.0010218
0.0010218
0.0010218
0.0010218
0.0010218
0.0010218
0.0010218
0.0010218
0.0010218
0.0010218
0.0010218
0.0010218
0.0010218
0.0010218
0.0010218
0.0010218
0.0010218
0.0010218
